20
1 10,10 19,10 1,10 10
1111111111111111111111111111111111111111
1000000000000000000000000000000000000001
1000000000000000000000000000000000000001
1000000000000000000000000000000000000001
1000000000000000000000000000000000000001
1000000000000000000000000000000000000001
1000000000000000000000000000000000000001
1000000000000000000000000000000000000001
1000000000000000000000000000000000000001
1000000000000000000000000000000000000001
1000000000000000000000000000000000000001
1000000000000000000000000000000000000001
1000000000000000000000000000000000000001
1000000000000000000000000000000000000001
1000000000000000000000000000000000000001
1000000000000000000000000000000000000001
1000000000000000000000000000000000000001
1000000000000000000000000000000000000001
1000000000000000000000000000000000000001
1111111111111111111111111111111111111111